Global Land-Ocean Temperature Index (C) (Anomaly with Base: 1951-1980)
------------------------------------------------------------------------
 Year  Annual_Mean 5-year_Mean
----------------------------------
 1880     -0.21         *
 1881     -0.12         *
 1882     -0.16     -0.19
 1883     -0.19     -0.20
 1884     -0.27     -0.22
 1885     -0.25     -0.25
 1886     -0.23     -0.25
 1887     -0.31     -0.22
 1888     -0.19     -0.23
 1889     -0.10     -0.24
 1890     -0.32     -0.24
 1891     -0.26     -0.27
 1892     -0.31     -0.31
 1893     -0.35     -0.30
 1894     -0.32     -0.28
 1895     -0.24     -0.25
 1896     -0.17     -0.24
 1897     -0.18     -0.22
 1898     -0.31     -0.20
 1899     -0.20     -0.21
 1900     -0.14     -0.23
 1901     -0.20     -0.24
 1902     -0.29     -0.28
 1903     -0.35     -0.31
 1904     -0.42     -0.32
 1905     -0.28     -0.35
 1906     -0.25     -0.36
 1907     -0.41     -0.37
 1908     -0.42     -0.40
 1909     -0.46     -0.44
 1910     -0.45     -0.43
 1911     -0.44     -0.43
 1912     -0.40     -0.38
 1913     -0.38     -0.32
 1914     -0.22     -0.30
 1915     -0.16     -0.31
 1916     -0.35     -0.29
 1917     -0.43     -0.30
 1918     -0.31     -0.33
 1919     -0.28     -0.30
 1920     -0.26     -0.27
 1921     -0.20     -0.26
 1922     -0.28     -0.25
 1923     -0.25     -0.24
 1924     -0.24     -0.21
 1925     -0.21     -0.19
 1926     -0.09     -0.17
 1927     -0.18     -0.19
 1928     -0.15     -0.17
 1929     -0.30     -0.16
 1930     -0.11     -0.15
 1931     -0.07     -0.17
 1932     -0.10     -0.12
 1933     -0.25     -0.13
 1934     -0.09     -0.14
 1935     -0.14     -0.11
 1936     -0.10     -0.05
 1937      0.04     -0.03
 1938      0.06      0.02
 1939      0.01      0.05
 1940      0.07      0.06
 1941      0.08      0.05
 1942      0.05      0.08
 1943      0.06      0.07
 1944      0.14      0.04
 1945      0.01      0.02
 1946     -0.08     -0.01
 1947     -0.04     -0.06
 1948     -0.10     -0.10
 1949     -0.11     -0.10
 1950     -0.19     -0.09
 1951     -0.06     -0.05
 1952      0.02     -0.05
 1953      0.09     -0.04
 1954     -0.11     -0.06
 1955     -0.12     -0.06
 1956     -0.18     -0.07
 1957      0.04     -0.04
 1958      0.04     -0.02
 1959      0.02      0.02
 1960     -0.04      0.02
 1961      0.05      0.03
 1962      0.04     -0.02
 1963      0.07     -0.03
 1964     -0.20     -0.05
 1965     -0.10     -0.06
 1966     -0.04     -0.08
 1967     -0.01     -0.03
 1968     -0.05     -0.00
 1969      0.06     -0.01
 1970      0.04      0.00
 1971     -0.07      0.04
 1972      0.02      0.02
 1973      0.16      0.01
 1974     -0.07     -0.00
 1975     -0.01      0.02
 1976     -0.12      0.00
 1977      0.15      0.04
 1978      0.06      0.09
 1979      0.12      0.17
 1980      0.23      0.16
 1981      0.28      0.20
 1982      0.09      0.20
 1983      0.27      0.17
 1984      0.12      0.14
 1985      0.08      0.18
 1986      0.15      0.20
 1987      0.29      0.22
 1988      0.35      0.28
 1989      0.24      0.33
 1990      0.39      0.31
 1991      0.38      0.28
 1992      0.19      0.29
 1993      0.21      0.30
 1994      0.29      0.29
 1995      0.43      0.34
 1996      0.33      0.42
 1997      0.46      0.45
 1998      0.61      0.44
 1999      0.40      0.48
 2000      0.40      0.51
 2001      0.53      0.51
 2002      0.61      0.53
 2003      0.60      0.58
 2004      0.52      0.60
 2005      0.66      0.60
 2006      0.60      0.58
 2007      0.63      0.59
 2008      0.49      0.60
 2009      0.60      0.59
 2010      0.67      0.58
 2011      0.56         *
 2012      0.58         *
 2013         *         *

------------------------------------
